0 0.590147 0.099538 0.071279 0.082238
1 0.459119 0.100134 0.071279 0.078662
3 0.105870 0.097750 0.096436 0.102499
0 0.350105 0.103709 0.073375 0.081046
6 0.432914 0.412399 0.079665 0.064360
7 0.177149 0.637063 0.085954 0.094156
7 0.438155 0.544099 0.033543 0.036947
7 0.690252 0.852192 0.076520 0.104883
8 0.373166 0.838486 0.075472 0.079854
2 0.493187 0.839678 0.072327 0.082238
9 0.132075 0.837890 0.069182 0.085813
10 0.879979 0.277720 0.074423 0.081046
10 0.878931 0.702019 0.070231 0.083430
10 0.878931 0.851000 0.072327 0.081046
4 0.878931 0.411207 0.076520 0.078662