7 0.044444 0.368325 0.052174 0.140357
4 0.141063 0.395818 0.061836 0.143251
7 0.248792 0.460932 0.076329 0.128781
10 0.302899 0.913835 0.089855 0.149039
7 0.765700 0.451526 0.080193 0.112864
6 0.864734 0.460932 0.073430 0.122993
0 0.958454 0.079653 0.083092 0.136016
1 0.856039 0.065907 0.063768 0.099841
6 0.787440 0.077483 0.054106 0.105629
7 0.711111 0.076759 0.071498 0.109970
0 0.526087 0.151279 0.078261 0.114311
9 0.476812 0.345173 0.074396 0.125887
9 0.742995 0.735134 0.073430 0.121546
3 0.685024 0.929029 0.042512 0.112864
6 0.253623 0.230139 0.070531 0.109970
1 0.249275 0.584648 0.075362 0.115758
4 0.143478 0.541239 0.066667 0.130228
3 0.614010 0.932646 0.058937 0.105629
10 0.544444 0.924688 0.068599 0.124440
7 0.769565 0.286571 0.066667 0.130228
10 0.862802 0.288018 0.069565 0.121546
0 0.957971 0.241715 0.078261 0.086819