0 0.137867 0.323903 0.063917 0.115768
4 0.302676 0.493032 0.052397 0.132047
3 0.371423 0.091011 0.053883 0.118481
1 0.452062 0.496650 0.048681 0.121194
6 0.540134 0.399875 0.054627 0.090443
4 0.259197 0.661709 0.068004 0.143805
4 0.326273 0.665327 0.055741 0.136570
9 0.759755 0.666684 0.027127 0.106723
9 0.795058 0.668493 0.033816 0.113959
10 0.934225 0.357367 0.043850 0.106723
10 0.931996 0.491676 0.046823 0.085921
10 0.932553 0.615131 0.040505 0.108532
3 0.934411 0.758936 0.039019 0.088635
10 0.932367 0.204970 0.039391 0.120290
0 0.138239 0.442836 0.054998 0.093157