7 0.246377 0.139291 0.094686 0.156307
3 0.246377 0.289587 0.079227 0.133977
5 0.142512 0.469941 0.097585 0.133977
9 0.244928 0.481106 0.084058 0.152872
4 0.319807 0.480247 0.057971 0.137413
6 0.156522 0.773967 0.067633 0.147719
6 0.395169 0.153033 0.094686 0.142566
7 0.633816 0.168492 0.059903 0.139130
0 0.031401 0.480247 0.058937 0.130542
7 0.697101 0.463929 0.076329 0.125389
7 0.694203 0.609071 0.103382 0.133977
6 0.868599 0.710413 0.098551 0.140848
6 0.393237 0.492271 0.063768 0.144283
0 0.390338 0.779979 0.063768 0.118519
10 0.392271 0.911379 0.071498 0.106495
9 0.826570 0.171068 0.093720 0.137413